10054 10066
10213 10256
10274 10372
10368 10430
10448 10485
10612 10514
11112 10852
11153 11066
11252 11386
11285 11460
11290 11565
11339 11574
11483 11601
11836 11742
11872 11810
11994 11843
12283 11851
12341 11880
12505 12043
12724 12124
12866 12181
12881 12182
12938 12237
13139 12243
13289 12275
13445 12340
13532 12362
13555 12385
13579 12557
13932 12596
13986 12893
14222 13000
14268 13104
14479 13314
14849 13328
15019 13342
15149 13367
15179 13407
15344 13415
15445 13537
15456 13577
15508 13825
15559 13897
15786 13938
15786 13987
15786 14184
15786 14258
15786 14313
15786 14418
15786 14508
15786 14544
15786 14550
15786 14566
15786 14748
15786 15222
15842 15236
15909 15301
16050 15340
16067 15468
16072 15786
16089 15813
16256 15912
16590 15925
16591 16170
16627 16392
16800 16599
16997 16612
17270 16650
17554 16730
17857 16746
17936 16758
17973 16789
18009 16860
18017 16885
18060 16893
18200 16895
18407 17024
18458 17048
18475 17183
18588 17212
18812 17364
19324 17640
19453 17881
19499 17962
19540 18066
19589 18100
19636 18319
19768 18596
20009 18662
20355 18677
20402 18732
20436 18752
20513 18771
20899 18791
20996 18849
21488 18867
21656 18903
21742 18922
21744 19221
21801 19271
22113 19328
22230 19567
22311 19787
22334 19906
22449 20043
22449 20120
22449 20200
22449 20204
22449 20245
22449 20452
22449 20481
22449 20556
22449 20740
22449 20742
22449 20782
22449 21179
22449 21253
22449 21313
22449 21315
22449 21353
22449 21363
22449 21597
22449 21697
22496 21945
22728 22045
22865 22055
22945 22194
22959 22346
23324 22404
23324 22449
23324 22497
23324 22568
23324 22662
23324 22811
23324 22993
23324 22994
23324 23050
23324 23056
23324 23151
23324 23184
23324 23205
23324 23324
23336 23825
23407 23891
23539 23944
23567 23986
23906 24057
23926 24092
24108 24196
24368 24205
24466 24216
24491 24553
24655 24641
24655 24655
24655 24698
24655 24882
24655 24891
24655 24917
24655 25010
24655 25025
24655 25078
24655 25277
24655 25279
24655 25299
24655 25327
24655 25529
24655 25552
24655 25659
24742 25694
24768 25883
25060 25886
25219 25918
25257 25980
25270 26147
25835 26293
25871 26478
26250 26523
26388 26634
26553 26652
26579 26670
26581 26722
26752 26813
27243 26862
27252 26893
27338 26984
27339 27182
27376 27264
27424 27386
27427 27555
27695 27561
27894 27603
28046 27641
28081 27729
28164 27774
28231 27778
28274 27791
28356 27948
28891 28048
28915 28104
29108 28170
29125 28240
29127 28322
29289 28364
29358 28463
29529 28464
29866 28523
29891 28543
30140 28588
30261 28611
30274 28904
30695 28941
30742 28985
30752 29109
30754 29117
30794 29318
31125 29334
31174 29338
31181 29561
31488 29568
31523 29596
31676 29618
32077 29648
32221 29670
32283 29990
32326 30061
32372 30101
32467 30112
32505 30235
32695 30330
33044 30353
33284 30454
33285 30617
33408 30697
33629 30812
33819 30886
33991 30888
34045 30987
34206 31096
34539 31170
34565 31297
34798 31310
34945 31358
35210 31429
35210 31562
35248 31577
35371 31682
35667 31728
35681 31780
35708 31995
35894 32025
35970 32396
35992 32397
36035 32402
36076 32506
36264 32525
36559 32602
36605 32710
36945 33020
37110 33077
37114 33130
37266 33202
37414 33230
37523 33307
37578 33400
37768 33541
37768 33582
37768 33604
37768 33612
37768 33704
38174 33827
38491 33859
38500 34098
38597 34108
38614 34268
38723 34358
38747 34445
38767 34762
38869 34861
38964 35210
39179 35233
39396 35278
39483 35346
39518 35563
39672 35714
39994 36028
40058 36093
40132 36141
40216 36243
40382 36375
40626 36465
40935 36471
41085 36475
41578 36565
41792 36649
41818 36825
41932 37075
41937 37220
41945 37225
42131 37243
42182 37371
42282 37553
42554 37663
42777 37748
42868 37768
42868 37773
42868 37775
42868 37811
42868 37944
42868 38147
43279 38169
43279 38210
43279 38270
43279 38295
43279 38303
43279 38533
43532 38752
43609 38765
43673 38791
44178 38804
44224 38824
44519 38846
44671 38856
44682 38974
44857 39240
44867 39355
44957 39486
44977 39653
45009 39700
45052 39790
45164 39801
45189 39862
45280 40079
45318 40101
45594 40332
45642 40391
45642 40506
45642 40584
45919 40592
45949 41007
46046 41189
46097 41203
46274 41213
46460 41307
46483 41409
46563 41505
46665 41858
46892 42034
46927 42056
46927 42101
46927 42279
46927 42358
46927 42378
46927 42453
46927 42560
46927 42731
46927 42768
47041 42868
47062 42928
47182 42968
47665 42989
47719 43032
47725 43122
47840 43255
47963 43279
48766 43317
48789 43346
48877 43427
48959 43478
49059 43864
49063 44035
49245 44202
49245 44280
49245 44382
49245 44653
49245 44851
49245 44859
49245 44951
49245 45071
49245 45250
49245 45336
49245 45338
49245 45515
49245 45642
49357 45727
49360 45753
49373 45777
49402 45781
49466 46113
49473 46322
49524 46375
49526 46412
49890 46436
49899 46478
50012 46529
50012 46658
50012 46665
50012 46669
50012 46686
50012 46720
50012 46927
50037 47080
50047 47223
50064 47257
50338 47283
50351 47464
50516 47921
50552 47948
50932 48094
51063 48137
51084 48364
51096 48576
51320 48811
51349 48850
51368 48941
51459 49049
51518 49172
51554 49225
51659 49245
51788 49507
51888 49777
52081 49819
52527 49941
52717 49969
52882 50012
52943 50334
52961 50570
52971 50792
53091 50803
53306 50876
53487 50955
53539 51044
53728 51058
53778 51110
54013 51119
54268 51170
54295 51282
54371 51307
54618 51621
54646 51651
55015 51671
55096 51701
55185 51779
55194 51799
55601 51948
55787 51978
55804 52173
55805 52203
55921 52455
55952 52463
56252 52655
56270 52760
56897 52807
56916 52830
57089 52852
57089 52873
57089 52935
57179 53001
57374 53057
57507 53097
57812 53167
57853 53210
57891 53322
57948 53484
58215 53577
58215 53579
58215 53617
58215 53671
58215 53725
58215 53764
58215 53996
58215 54117
58215 54208
58428 54287
58682 54456
58727 54653
58838 54704
58877 54728
58933 54860
59047 54977
59236 55017
59334 55070
59360 55392
59610 55440
59610 55498
59610 55505
59610 55848
59610 55906
59610 55937
59610 55944
59610 56046
59610 56067
59610 56275
59752 56381
59808 56446
59834 56574
59994 56662
60061 56849
60231 56871
60456 56933
60469 56941
60472 56947
60657 57043
60704 57089
60768 57193
60831 57434
60846 57538
61027 57789
61111 57840
61216 57842
61216 57870
61216 57881
61216 57908
61216 57919
61216 58215
61216 58220
61216 58324
61216 58539
61216 58542
61216 58557
61216 58577
61216 58796
61216 58897
61216 59058
61216 59303
61216 59330
61487 59349
61487 59407
61487 59448
61487 59586
61575 59605
61779 59610
61853 59675
61893 59691
61909 59950
62007 60040
62007 60128
62583 60145
62675 60235
62933 60481
62936 60747
62950 60868
62950 60890
62950 60941
62950 61077
63137 61085
63137 61124
63137 61202
63137 61216
63137 61319
63137 61383
63137 61417
63137 61487
63137 61597
63137 61690
63137 61712
63137 61713
63137 61864
63137 61948
63137 61964
63367 62007
63720 62234
63891 62756
63913 62790
64081 62875
64167 62901
64171 62950
64400 63137
64411 63299
64444 63341
64519 63446
64661 63537
64694 63544
65213 63583
65347 63631
65388 63641
65509 63741
65584 63785
65617 63792
65639 63821
66123 63884
66338 63968
66606 64165
66639 64235
66897 64282
66983 64392
67094 64667
67158 64685
67270 64749
67346 64754
67434 64783
67436 64821
67445 64855
67579 65166
67629 65219
67635 65269
67787 65523
67849 65566
68049 65574
68084 65814
68152 65832
68190 65919
68204 66065
68216 66108
68660 66212
68730 66265
69515 66323
69548 66414
69594 66485
69689 66596
69995 66664
69997 66865
70208 67116
70278 67159
70431 67162
70663 67206
70735 67214
70786 67382
70856 67454
70950 67471
70988 67495
71005 67591
71142 67612
71213 67660
71232 67790
71497 67886
71720 68112
71772 68165
71843 68167
72012 68276
72023 68359
72107 68482
72228 68618
72374 68752
72596 68824
73008 68845
73107 68869
73316 68874
73394 68892
73403 68969
73406 69047
73406 69198
73406 69199
73406 69221
73406 69360
73406 69385
73406 69398
73406 69620
73406 69689
73406 69823
73406 69939
73406 69993
73406 70359
73406 70442
73406 70549
73406 70592
73406 70594
73490 70611
73504 70646
73528 70743
73583 70970
73730 70990
73827 71201
73914 71297
73961 71459
74027 71514
74035 71666
74046 71745
74332 71813
74465 71882
74800 71928
75139 72004
75157 72062
75193 72139
75288 72148
75376 72153
75446 72203
75446 72204
75446 72221
75446 72242
75446 72379
75446 72594
75446 72704
75446 72932
75446 72987
75446 73023
75446 73061
75446 73155
75446 73221
75446 73240
75468 73406
75629 73433
75648 73512
76228 73588
76228 73862
76228 73864
76228 74152
76228 74204
76228 74359
76228 74367
76228 74495
76228 74644
76228 74663
76228 74820
76228 74998
76228 75051
76228 75084
76228 75214
76228 75446
76228 75494
76228 75528
76228 75707
76497 75778
76574 75813
76575 76228
76593 76393
76662 76522
76693 76693
76693 76700
76693 76917
76693 76933
76693 77018
76693 77034
76693 77197
76693 77250
76693 77303
76693 77346
76693 77368
76693 77398
76693 77723
76693 77749
76693 77826
76693 78079
76693 78088
76693 78101
76693 78163
76693 78238
76716 78247
76754 78248
76933 78257
76933 78407
76933 78417
76933 78485
76933 78708
76933 78721
76933 78846
76933 78888
76933 78924
76933 79060
76933 79086
76966 79098
77435 79163
77493 79165
77783 79455
77798 79484
77826 79512
77826 79546
77826 79553
77826 79732
77826 79864
77826 79976
77826 80079
77826 80106
77826 80295
77826 80381
77826 80458
77826 80658
77826 80794
77826 80800
77826 80838
77826 80880
77905 80899
78434 80957
78485 81248
78485 81283
78485 81294
78485 81338
78485 81688
78485 81753
78485 81851
78485 81886
78485 81992
78485 82004
78485 82072
78485 82472
78485 82488
78485 82630
78485 82772
78485 82775
78827 82948
78923 82987
78957 82992
79070 83093
79153 83222
79166 83267
79339 83451
79371 83485
79544 83540
79573 83651
79589 83859
80135 83877
80194 84197
80272 84225
80502 84281
80610 84299
80845 84518
80920 84688
81102 84733
81427 84937
81448 85096
81497 85106
82075 85218
82132 85299
82405 85510
82552 85562
82605 85604
82630 85640
82630 85763
82630 85850
82630 85897
82705 86059
82784 86160
82810 86264
83249 86325
83257 86368
83266 86377
83349 86400
83623 86408
83733 86423
83755 86625
84373 86699
84396 86728
84708 86763
84950 86955
84975 86973
85022 87043
85107 87053
85343 87156
85562 87188
85562 87307
85562 87417
85562 87448
85562 87457
85562 87459
85562 87498
85562 87535
85577 87550
85814 87668
85977 87687
86269 87693
86342 87695
86384 87792
86408 88065
86408 88141
86408 88184
86408 88194
86408 88269
86408 88304
86408 88324
86420 88362
86633 88428
86860 88453
86920 88510
87028 88535
87032 88572
87084 88674
87488 88679
87505 88835
87514 88869
87669 88930
87695 88964
87695 89142
87695 89294
87695 89471
87695 89508
87695 89517
87787 89562
87966 89627
87993 89709
88131 89842
88237 89866
88241 89911
88334 89974
88490 90086
88724 90182
88792 90188
88832 90229
88851 90283
88872 90285
88910 90372
88991 90503
89060 90627
89535 90940
89580 91012
89655 91022
89669 91160
89985 91162
90245 91195
90283 91230
90283 91238
90283 91307
90283 91372
90283 91398
90283 91433
90283 91708
90283 91733
90283 91764
90283 91769
90283 91787
90283 91852
90283 92092
90283 92158
90283 92208
90487 92319
90634 92343
90752 92437
90921 92445
91234 92704
91397 92747
91433 92752
91433 92813
91433 92854
91433 92908
91433 92962
91433 93037
91433 93088
91433 93263
91433 93290
91433 93338
91433 93416
91433 93513
91433 93565
91433 93664
91433 93731
91433 93773
91433 93838
91601 93880
91970 93933
92173 93996
93089 94057
93539 94354
93597 94576
93735 94727
93934 94757
94472 94776
94486 94801
94542 94850
94571 94869
94964 95125
95236 95236
95236 95285
95236 95292
95236 95412
95236 95646
95236 95703
95236 95718
95236 95767
95236 95841
95236 95917
95236 95958
95236 96035
95236 96066
95236 96069
95236 96164
95236 96194
95236 96355
95236 96407
95308 96483
95420 96548
95591 96618
95623 96786
95893 96889
95952 96914
95956 97152
96028 97158
96114 97301
96120 97581
96304 97582
96463 97586
96790 97763
97211 97790
97241 97799
97355 97938
97383 97967
97465 98088
97776 98434
97837 98588
98236 98670
98357 98824
98443 98955
98641 99201
98656 99311
98657 99498
98799 99531
98865 99532
98907 99595
98936 99783
99036 99826
99261 99845
99664 99852
99999 99978
